,seq_RSA-accpro,seq_RSA-accpro20,seq_SS-sspro,seq_SS-sspro8,seq_TM-tmhmm,seq_bulkiness-window5-biop,seq_kd_hydrophobicity-window7-biop,seq_predicted_carbonylated-carspred,seq_residue,seq_resnum
0,e,80,C,C,O,inf,inf,"(False, 0.0)",M,1
1,-,35,C,C,O,inf,inf,"(False, 0.0)",F,2
2,e,45,E,E,O,16.526,inf,"(False, 0.0)",S,3
3,-,15,E,E,O,16.762,0.3571428571428571,"(False, 0.0)",I,4
4,e,45,C,C,O,13.482,-0.14285714285714293,"(False, 0.0)",K,5
5,e,50,C,C,O,15.074000000000002,-1.1857142857142855,"(False, 0.0)",P,6
6,e,45,C,C,O,13.65,-1.5714285714285716,"(False, 0.0)",G,7
7,e,40,C,C,O,13.072,-1.6714285714285713,"(False, 0.0)",P,8
8,e,55,C,T,O,13.866,-1.342857142857143,"(False, 0.0)",R,9
9,e,50,C,C,O,16.671999999999997,-0.47142857142857153,"(False, 0.0)",N,10
10,-,10,C,C,O,17.466,-0.9142857142857143,"(False, 0.0)",L,11
11,e,45,C,C,O,16.945999999999998,-1.1857142857142855,"(False, 0.0)",P,12
12,-,25,C,C,O,16.945999999999998,-0.7714285714285712,"(False, 0.0)",I,13
13,e,45,C,C,O,16.151999999999997,-0.3714285714285715,"(False, 0.0)",D,14
14,e,30,C,C,O,15.819999999999999,-0.3714285714285714,"(False, 0.0)",N,15
15,-,25,C,C,O,15.819999999999999,0.4000000000000002,"(False, 0.0)",P,16
16,e,30,C,E,O,17.764,-0.35714285714285715,"(False, 0.0)",T,17
17,-,10,E,E,O,17.094,0.014285714285714108,"(False, 0.0)",L,18
18,-,5,E,E,O,17.942,0.014285714285714362,"(False, 0.0)",L,19
19,-,15,E,E,O,17.351999999999997,0.8857142857142858,"(False, 0.0)",S,20
20,-,10,E,E,O,17.352,0.8857142857142858,"(False, 0.0)",W,21
21,e,30,E,E,O,16.226,-0.15714285714285717,"(False, 0.0)",N,22
22,-,5,C,E,O,16.668,-0.7571428571428572,"(False, 0.0)",I,23
23,e,35,C,C,O,13.014,-1.1428571428571428,"(True, 0.709)",T,24
24,e,40,C,C,O,12.786,-0.4714285714285715,"(False, 0.0)",D,25
25,e,40,C,T,O,12.786,-0.4714285714285715,"(False, 0.0)",G,26
26,e,40,C,C,O,12.196,-1.2285714285714284,"(False, 0.0)",D,27
27,-,15,C,H,O,11.754000000000001,-1.6857142857142857,"(False, 0.0)",L,28
28,e,40,H,H,O,14.216,-0.6428571428571429,"(False, 0.0)",N,29
29,e,50,H,H,O,16.16,-1.0857142857142859,"(False, 0.0)",S,30
30,e,45,H,H,O,14.443999999999999,-0.6857142857142858,"(False, 0.0)",K,31
31,-,10,H,H,O,15.034,-0.6857142857142859,"(False, 0.0)",L,32
32,e,35,H,H,O,17.419999999999998,-0.6857142857142858,"(False, 0.0)",N,33
33,-,20,H,H,O,16.991999999999997,-0.7571428571428572,"(False, 0.0)",T,34
34,-,10,H,H,O,16.318,0.3428571428571428,"(False, 0.0)",L,35
35,e,40,H,H,O,18.034,-0.7000000000000001,"(False, 0.0)",E,36
36,-,10,H,H,O,17.444,0.15714285714285706,"(False, 0.0)",Y,37
37,-,0,H,H,O,15.856,0.9000000000000001,"(False, 0.0)",L,38
38,e,30,H,H,O,17.421999999999997,0.2571428571428571,"(False, 0.0)",N,39
39,-,0,H,H,O,16.97,0.2571428571428571,"(False, 0.0)",C,40
40,-,0,H,H,O,15.254000000000001,1.0857142857142859,"(False, 0.0)",I,41
41,-,20,H,H,O,16.97,1.1857142857142857,"(False, 0.0)",T,42
42,e,30,H,H,O,18.558,1.1857142857142857,"(False, 0.0)",N,43
43,-,0,H,H,O,16.842000000000002,0.7142857142857143,"(False, 0.0)",I,44
44,-,5,H,H,O,15.581999999999999,0.42857142857142855,"(False, 0.0)",I,45
45,e,25,H,H,O,15.709999999999997,0.47142857142857153,"(False, 0.0)",N,46
46,e,10,H,H,O,12.11,1.5714285714285712,"(False, 0.0)",S,47
47,-,5,C,T,O,12.144000000000002,0.7428571428571429,"(False, 0.0)",C,48
48,-,25,C,T,O,13.186000000000002,-0.12857142857142845,"(False, 0.0)",G,49
49,-,15,C,C,O,14.778,-0.1285714285714285,"(False, 0.0)",V,50
50,-,15,C,C,O,14.975999999999999,-0.0714285714285714,"(False, 0.0)",Y,51
51,e,35,C,C,O,14.975999999999999,0.11428571428571432,"(False, 0.0)",P,52
52,e,50,C,T,O,14.941999999999998,-0.3857142857142857,"(False, 0.0)",Q,53
53,e,55,C,T,O,14.478,-1.4857142857142858,"(False, 0.0)",G,54
54,-,15,C,C,O,13.327999999999998,-1.9428571428571426,"(False, 0.0)",L,55
55,e,50,C,C,O,13.294,-2.2142857142857144,"(False, 0.0)",K,56
56,e,40,C,C,O,15.328000000000003,-1.0714285714285716,"(False, 0.0)",D,57
57,e,35,H,H,O,15.328,-0.3714285714285714,"(False, 0.0)",R,58
58,e,40,H,H,O,16.465999999999998,-1.0285714285714287,"(False, 0.0)",E,59
59,-,5,H,H,O,16.024,-0.5714285714285714,"(False, 0.0)",I,60
60,-,5,H,H,O,16.321999999999996,0.32857142857142857,"(False, 0.0)",I,61
61,-,10,H,H,O,17.568,0.5142857142857142,"(False, 0.0)",S,62
62,-,20,H,H,O,16.026,1.2714285714285716,"(False, 0.0)",T,63
63,-,5,H,H,O,14.046000000000001,0.1285714285714285,"(False, 0.0)",F,64
64,e,20,H,H,O,14.866,-1.0714285714285716,"(False, 0.0)",H,65
65,-,0,H,H,O,14.854000000000003,-0.35714285714285726,"(False, 0.0)",A,66
66,e,35,H,H,O,15.207999999999998,0.38571428571428584,"(False, 0.0)",E,67
67,e,45,H,H,O,16.75,-0.5142857142857143,"(False, 0.0)",K,68
68,-,5,H,H,O,17.014,-0.557142857142857,"(False, 0.0)",V,69
69,-,0,H,H,O,16.636000000000003,-0.27142857142857146,"(False, 0.0)",I,70
70,e,40,H,H,O,17.774,0.7714285714285715,"(False, 0.0)",N,71
71,e,45,H,H,O,17.74,0.7714285714285717,"(False, 0.0)",D,72
72,-,5,H,H,O,16.601999999999997,-0.3285714285714287,"(False, 0.0)",L,73
73,-,10,H,H,O,16.601999999999997,-1.4714285714285715,"(False, 0.0)",L,74
74,e,55,H,H,O,16.601999999999997,-1.157142857142857,"(False, 0.0)",K,75
75,e,50,C,H,O,15.927999999999997,-1.2142857142857142,"(False, 0.0)",N,76
76,e,35,C,T,O,14.790000000000001,-1.114285714285714,"(False, 0.0)",D,77
77,-,10,C,E,O,15.928,-1.7714285714285718,"(False, 0.0)",Y,78
78,e,50,E,E,O,15.258,-0.6714285714285714,"(False, 0.0)",K,79
79,-,5,E,E,O,17.201999999999998,-0.2857142857142857,"(False, 0.0)",I,80
80,-,25,E,E,O,15.489999999999998,-0.014285714285714266,"(False, 0.0)",S,81
81,-,5,C,E,O,15.833999999999998,-0.32857142857142857,"(False, 0.0)",L,82
82,-,15,C,C,O,13.89,0.12857142857142853,"(False, 0.0)",S,83
83,e,25,C,T,O,15.15,-0.6142857142857144,"(False, 0.0)",P,84
84,e,40,C,H,O,14.024000000000001,-0.6857142857142857,"(False, 0.0)",D,85
85,-,20,H,H,O,15.735999999999999,-1.8714285714285712,"(False, 0.0)",T,86
86,-,5,H,H,O,15.106,-2.257142857142857,"(False, 0.0)",T,87
87,-,25,H,H,O,15.484,-1.485714285714286,"(False, 0.0)",Y,88
88,e,40,H,H,O,16.610000000000003,-1.4857142857142858,"(False, 0.0)",R,89
89,e,30,H,H,O,16.02,-1.9428571428571426,"(False, 0.0)",E,90
90,-,0,H,H,O,15.556000000000001,-1.5857142857142859,"(False, 0.0)",L,91
91,e,35,H,H,O,15.0,-1.1428571428571428,"(False, 0.0)",N,92
92,e,45,H,H,O,14.586000000000002,-1.0,"(False, 0.0)",K,93
93,-,10,H,H,O,13.196000000000002,-1.1428571428571428,"(False, 0.0)",A,94
94,-,5,H,H,O,13.488,-1.7999999999999996,"(False, 0.0)",A,95
95,e,45,H,H,O,12.24,-0.6571428571428571,"(False, 0.0)",Q,96
96,e,40,C,H,O,14.219999999999999,-0.19999999999999993,"(False, 0.0)",R,97
97,-,15,C,C,O,15.074000000000002,-0.2,"(False, 0.0)",S,98
98,-,5,C,C,O,14.484,-0.6857142857142858,"(False, 0.0)",I,99
99,e,30,C,C,O,15.113999999999999,-0.6857142857142858,"(False, 0.0)",T,100
100,-,0,C,C,O,15.556000000000001,-0.6857142857142857,"(False, 0.0)",A,101
101,-,15,C,C,O,14.132,0.07142857142857137,"(False, 0.0)",P,102
102,e,35,C,T,O,15.258,-0.6285714285714287,"(False, 0.0)",D,103
103,e,40,C,T,O,13.638,-1.0285714285714287,"(False, 0.0)",R,104
104,-,20,C,T,O,12.866,-1.9285714285714286,"(False, 0.0)",I,105
105,e,20,C,T,O,13.386000000000001,-2.257142857142857,"(False, 0.0)",G,106
106,e,50,C,T,O,13.672,-1.8571428571428572,"(False, 0.0)",E,107
107,e,45,C,E,O,12.546000000000001,-1.342857142857143,"(False, 0.0)",R,108
108,e,30,E,E,O,16.2,-1.385714285714286,"(False, 0.0)",K,109
109,-,5,E,E,O,17.8,-1.514285714285714,"(False, 0.0)",T,110
110,-,5,E,E,O,18.550000000000004,-1.5142857142857142,"(False, 0.0)",W,111
111,-,25,E,E,O,18.298000000000002,-1.5142857142857145,"(False, 0.0)",V,112
112,-,5,E,E,O,18.0,-1.4571428571428575,"(False, 0.0)",Y,113
113,e,35,E,E,O,16.002000000000002,-1.457142857142857,"(False, 0.0)",Q,114
114,e,45,C,T,O,14.841999999999999,-1.0571428571428572,"(False, 0.0)",R,115
115,e,25,C,T,O,14.486,-1.0142857142857142,"(False, 0.0)",D,116
116,e,20,C,C,O,15.876,-1.3285714285714285,"(False, 0.0)",T,117
117,e,40,C,C,O,15.734,-1.4714285714285713,"(False, 0.0)",M,118
118,e,30,C,C,O,16.253999999999998,-0.8857142857142856,"(False, 0.0)",I,119
119,e,40,C,C,O,13.780000000000001,-0.8857142857142858,"(False, 0.0)",E,120
120,e,50,C,T,O,12.866,-1.2857142857142858,"(False, 0.0)",R,121
121,e,45,C,T,O,11.15,-1.6714285714285715,"(False, 0.0)",G,122
122,e,40,C,C,O,10.33,-2.3714285714285714,"(False, 0.0)",D,123
123,e,35,C,C,O,8.154,-1.2714285714285711,"(False, 0.0)",N,124
124,e,40,C,T,O,11.788,-0.8142857142857143,"(False, 0.0)",S,125
125,-,15,C,E,O,13.058000000000002,-1.2571428571428573,"(False, 0.0)",G,126
126,-,0,E,E,O,13.384,-0.942857142857143,"(False, 0.0)",V,127
127,-,20,E,E,O,15.095999999999998,-0.5,"(False, 0.0)",Y,128
128,e,35,E,E,O,15.096,-1.0285714285714287,"(False, 0.0)",Q,129
129,-,20,C,E,O,13.638,-0.7142857142857143,"(False, 0.0)",Y,130
130,e,45,C,C,O,12.332,-1.8142857142857145,"(False, 0.0)",G,131
131,e,45,C,C,O,12.156,-2.085714285714286,"(False, 0.0)",R,132
132,e,25,H,H,O,11.288,-1.1857142857142857,"(False, 0.0)",A,133
133,e,40,H,H,O,14.568000000000001,-1.1,"(False, 0.0)",E,134
134,-,25,H,H,O,14.866,-1.5,"(False, 0.0)",H,135
135,-,0,H,H,O,15.303999999999998,-0.2142857142857144,"(False, 0.0)",F,136
136,-,5,H,E,O,16.869999999999997,0.17142857142857135,"(False, 0.0)",T,137
137,-,0,E,E,O,18.412,0.557142857142857,"(False, 0.0)",H,138
138,-,0,E,H,O,16.345999999999997,0.5142857142857142,"(False, 0.0)",I,139
139,-,0,E,E,O,15.527999999999997,-0.44285714285714295,"(False, 0.0)",I,140
140,-,0,E,E,O,15.931999999999999,-0.5714285714285715,"(False, 0.0)",S,141
141,e,25,C,T,O,15.138,-0.22857142857142865,"(False, 0.0)",D,142
142,-,20,C,C,O,12.751999999999999,-1.0999999999999999,"(False, 0.0)",K,143
143,e,25,C,C,O,14.344,-2.3000000000000003,"(False, 0.0)",P,144
144,e,35,C,C,O,15.15,-2.685714285714286,"(False, 0.0)",S,145
145,e,60,C,T,O,14.344,-2.742857142857143,"(False, 0.0)",P,146
146,e,60,C,T,O,14.0,-2.371428571428571,"(False, 0.0)",K,147
147,e,45,C,C,O,15.712,-1.542857142857143,"(False, 0.0)",D,148
148,e,35,C,C,O,16.540000000000003,-1.1714285714285713,"(False, 0.0)",K,149
149,-,15,E,E,O,15.698000000000002,-1.1285714285714286,"(False, 0.0)",Y,150
150,-,0,E,E,O,16.968,-0.31428571428571433,"(False, 0.0)",V,151
151,-,15,E,E,O,16.125999999999998,0.8285714285714285,"(False, 0.0)",A,152
152,-,0,E,E,O,16.8,0.8857142857142858,"(False, 0.0)",Y,153
153,-,20,E,E,O,15.05,1.7142857142857142,"(False, 0.0)",A,154
154,-,5,E,E,O,17.03,0.8857142857142858,"(False, 0.0)",I,155
155,-,10,E,E,O,16.909999999999997,0.12857142857142861,"(False, 0.0)",N,156
156,-,5,C,C,O,16.945999999999998,0.12857142857142861,"(False, 0.0)",I,157
157,e,40,C,T,O,16.272,-0.6285714285714287,"(False, 0.0)",P,158
158,e,40,C,C,O,16.422000000000004,-0.7285714285714286,"(False, 0.0)",D,159
159,e,30,C,T,O,16.422,0.028571428571428564,"(False, 0.0)",Y,160
160,e,50,C,T,O,15.236,-0.35714285714285715,"(False, 0.0)",E,161
161,-,10,C,C,O,15.2,-0.6285714285714284,"(False, 0.0)",L,162
162,e,40,C,E,O,13.930000000000001,0.4714285714285714,"(False, 0.0)",A,163
163,-,15,C,E,O,15.530000000000001,0.4714285714285715,"(False, 0.0)",A,164
164,e,45,C,T,O,14.856,0.4714285714285714,"(False, 0.0)",D,165
165,-,25,E,E,O,15.12,0.5714285714285714,"(False, 0.0)",V,166
166,-,20,E,E,O,17.1,-0.1857142857142857,"(False, 0.0)",Y,167
167,e,45,E,E,O,17.327999999999996,0.15714285714285722,"(False, 0.0)",N,168
168,-,0,E,E,O,17.328000000000003,0.5571428571428572,"(False, 0.0)",I,169
169,e,40,E,E,O,16.875999999999998,-0.15714285714285733,"(False, 0.0)",N,170
170,-,15,E,E,O,16.206,-0.19999999999999993,"(False, 0.0)",V,171
171,e,55,E,E,O,15.412,0.18571428571428586,"(False, 0.0)",T,172
172,-,20,C,C,O,14.742,-0.5142857142857142,"(False, 0.0)",S,173
173,e,40,C,C,O,11.108,-0.5142857142857143,"(False, 0.0)",P,174
174,e,60,C,T,O,10.844,-1.6142857142857143,"(False, 0.0)",S,175
175,e,30,C,T,O,11.84,-2.0142857142857142,"(False, 0.0)",G,176
176,e,40,C,C,O,11.068000000000001,-2.0,"(False, 0.0)",Q,177
177,e,50,C,C,O,12.328,-1.3714285714285717,"(False, 0.0)",Q,178
178,e,20,C,E,O,15.607999999999999,-1.8142857142857143,"(False, 0.0)",E,179
179,-,15,E,E,O,15.86,-1.1142857142857143,"(False, 0.0)",T,180
180,-,0,E,E,O,17.25,-0.07142857142857142,"(False, 0.0)",F,181
181,e,30,E,E,O,18.816000000000003,1.0714285714285712,"(False, 0.0)",K,182
182,-,0,E,E,O,19.942,1.0714285714285714,"(False, 0.0)",I,183
183,-,5,E,E,O,18.546,1.7142857142857142,"(False, 0.0)",L,184
184,-,5,E,E,O,19.683999999999997,0.8142857142857143,"(False, 0.0)",I,185
185,-,15,C,C,O,18.118000000000002,0.9142857142857144,"(False, 0.0)",N,186
186,e,25,C,T,O,16.576,0.8142857142857141,"(False, 0.0)",L,187
187,e,55,C,T,O,16.576,-0.3714285714285715,"(False, 0.0)",E,188
188,e,45,C,T,O,16.868000000000002,-1.5142857142857145,"(False, 0.0)",H,189
189,-,15,C,C,O,15.477999999999998,-1.1142857142857145,"(False, 0.0)",L,190
190,e,45,C,C,O,15.918000000000001,-1.1142857142857143,"(False, 0.0)",R,191
191,e,50,C,C,O,17.46,-1.1142857142857143,"(False, 0.0)",Q,192
192,-,15,C,C,O,15.894,-1.2999999999999996,"(False, 0.0)",T,193
193,-,5,H,E,O,15.894,-2.3999999999999995,"(False, 0.0)",L,194
194,e,40,C,E,O,16.145999999999997,-1.8714285714285712,"(False, 0.0)",E,195
195,e,20,H,H,O,14.886,-0.8285714285714286,"(True, 0.749)",R,196
196,e,30,H,H,O,14.886000000000001,-0.8285714285714286,"(False, 0.0)",K,197
197,-,5,H,H,O,15.325999999999999,-1.1142857142857143,"(False, 0.0)",S,198
198,-,5,H,H,O,14.77,-0.014285714285714235,"(False, 0.0)",L,199
199,-,10,H,H,O,15.941999999999998,0.12857142857142853,"(False, 0.0)",T,200
200,-,0,H,H,O,16.938,0.12857142857142853,"(False, 0.0)",A,201
201,-,0,H,H,O,15.8,0.12857142857142861,"(False, 0.0)",V,202
202,-,5,H,H,O,14.540000000000001,-0.9142857142857144,"(False, 0.0)",Q,203
203,e,30,H,H,O,15.13,-0.45714285714285713,"(False, 0.0)",K,204
204,-,5,H,H,O,13.508000000000001,-1.2142857142857142,"(False, 0.0)",S,205
205,e,20,C,H,O,13.331999999999999,-1.1714285714285713,"(False, 0.0)",Q,206
206,-,15,H,H,O,14.469999999999999,-0.02857142857142847,"(False, 0.0)",C,207
207,e,40,H,H,O,16.856,0.42857142857142855,"(False, 0.0)",E,208
208,-,15,H,H,O,17.119999999999997,0.31428571428571433,"(False, 0.0)",I,209
209,-,10,C,C,O,17.913999999999998,0.2571428571428571,"(False, 0.0)",I,210
210,-,20,C,C,O,18.342,-0.6571428571428573,"(False, 0.0)",T,211
211,e,50,C,C,O,17.204,-0.3857142857142857,"(False, 0.0)",P,212
212,e,50,C,C,O,16.410000000000004,-1.0857142857142856,"(False, 0.0)",K,213
213,e,45,C,C,O,13.936000000000002,-2.2285714285714286,"(True, 0.8645)",K,214
214,e,55,C,T,O,13.163999999999998,-1.8714285714285714,"(False, 0.0)",P,215
215,e,45,C,T,O,12.322,-1.0,"(False, 0.0)",G,216
216,e,35,C,C,O,13.459999999999999,0.0999999999999999,"(False, 0.0)",E,217
217,-,0,E,E,O,14.254,0.1999999999999999,"(False, 0.0)",A,218
218,-,0,E,E,O,16.312,0.6857142857142856,"(False, 0.0)",I,219
219,-,0,E,E,O,15.898,1.1428571428571428,"(False, 0.0)",L,220
220,-,0,E,E,O,17.558,1.1428571428571428,"(False, 0.0)",H,221
221,-,0,E,E,O,15.842000000000002,1.1428571428571428,"(False, 0.0)",A,222
222,-,0,E,E,O,13.862,0.3999999999999999,"(False, 0.0)",F,223
223,-,20,C,E,O,14.278,-0.3285714285714286,"(False, 0.0)",N,224
224,-,5,C,C,O,15.584,-0.3714285714285715,"(False, 0.0)",A,225
225,e,30,C,C,O,14.514,-1.1285714285714286,"(False, 0.0)",T,226
226,-,5,H,H,O,14.84,-0.8857142857142858,"(False, 0.0)",Y,227
227,e,40,H,H,O,16.82,-1.0285714285714287,"(False, 0.0)",Q,228
228,e,35,H,H,O,16.522,-1.7857142857142858,"(False, 0.0)",Q,229
229,-,0,H,H,O,15.63,-2.185714285714286,"(False, 0.0)",I,230
230,-,20,H,H,O,15.303999999999998,-1.7285714285714284,"(False, 0.0)",R,231
231,e,50,H,H,O,15.663999999999998,-1.3428571428571427,"(False, 0.0)",E,232
232,e,20,H,H,O,13.278,-1.342857142857143,"(False, 0.0)",N,233
233,-,0,H,H,O,13.136000000000001,-1.5857142857142856,"(False, 0.0)",M,234
234,e,50,H,H,O,14.382000000000001,-0.6857142857142857,"(False, 0.0)",S,235
235,e,35,H,H,O,14.118,-0.8285714285714285,"(False, 0.0)",E,236
236,-,0,H,H,O,13.724,0.0285714285714286,"(False, 0.0)",F,237
237,e,30,H,H,O,14.522,-0.7000000000000001,"(False, 0.0)",A,238
238,e,60,H,H,O,14.546000000000001,-0.7714285714285715,"(False, 0.0)",R,239
239,-,15,C,T,O,14.192000000000002,-0.3285714285714287,"(False, 0.0)",C,240
240,-,5,C,T,O,12.572,-0.9142857142857144,"(False, 0.0)",H,241
241,-,0,C,C,O,13.322,-0.5285714285714286,"(False, 0.0)",Y,242
242,-,5,E,E,O,14.910000000000002,-0.38571428571428573,"(False, 0.0)",G,243
243,-,0,E,E,O,15.062000000000001,-0.10000000000000006,"(False, 0.0)",Y,244
244,-,0,E,E,O,15.736,0.1285714285714285,"(False, 0.0)",I,245
245,-,5,E,E,O,18.541999999999998,0.08571428571428566,"(False, 0.0)",Q,246
246,-,0,E,E,O,18.421999999999997,0.742857142857143,"(False, 0.0)",I,247
247,-,0,C,C,O,18.456,0.8285714285714286,"(False, 0.0)",P,248
248,-,0,C,C,O,18.72,0.08571428571428566,"(False, 0.0)",P,249
249,-,5,C,C,O,17.594,0.9857142857142858,"(False, 0.0)",V,250
250,-,15,C,C,O,18.068,-0.3000000000000001,"(False, 0.0)",T,251
251,e,45,C,C,O,17.438,0.1857142857142857,"(False, 0.0)",T,252
252,-,15,C,C,O,15.423999999999998,-0.08571428571428573,"(False, 0.0)",F,253
253,e,35,C,C,O,14.606,-0.742857142857143,"(False, 0.0)",R,254
254,e,35,C,T,O,12.132,-0.8714285714285716,"(False, 0.0)",A,255
255,e,50,C,C,O,11.658,-1.2714285714285716,"(False, 0.0)",D,256
256,e,40,C,C,O,11.516,-1.7714285714285716,"(False, 0.0)",G,257
257,e,45,C,C,O,12.370000000000001,-1.3571428571428572,"(False, 0.0)",P,258
258,e,45,C,C,O,13.52,-2.1142857142857143,"(False, 0.0)",E,259
259,e,30,C,C,O,15.553999999999998,-2.1142857142857143,"(False, 0.0)",T,260
260,e,35,C,C,O,14.782,-2.5571428571428574,"(False, 0.0)",P,261
261,e,40,C,C,O,14.782,-2.885714285714286,"(False, 0.0)",E,262
262,e,35,C,C,O,14.77,-2.442857142857143,"(False, 0.0)",E,263
263,e,35,C,T,O,11.964,-2.528571428571429,"(False, 0.0)",E,264
264,-,20,C,C,O,12.856,-2.4285714285714284,"(False, 0.0)",K,265
265,-,15,C,C,O,14.476000000000003,-1.5285714285714287,"(False, 0.0)",G,266
266,-,15,C,C,O,15.722000000000003,-1.485714285714286,"(False, 0.0)",Y,267
267,-,5,E,E,O,15.318000000000001,-0.7285714285714285,"(False, 0.0)",W,268
268,-,0,E,E,O,16.938,-0.35714285714285726,"(False, 0.0)",F,269
269,-,5,E,E,O,16.938,-0.8,"(False, 0.0)",H,270
270,-,10,E,E,O,15.494,-0.8428571428571429,"(False, 0.0)",A,271
271,-,5,E,E,O,15.02,-1.2142857142857146,"(False, 0.0)",Y,272
272,-,10,C,C,O,14.996,-2.1142857142857143,"(False, 0.0)",Q,273
273,-,5,C,C,O,15.032,-1.1142857142857143,"(False, 0.0)",P,274
274,-,20,C,E,O,15.706,-1.0142857142857142,"(False, 0.0)",E,275
275,-,20,C,C,O,15.508,-0.9285714285714286,"(False, 0.0)",D,276
276,-,5,C,E,O,15.175999999999998,0.21428571428571422,"(False, 0.0)",L,277
277,e,35,E,E,O,16.742,-0.014285714285714362,"(False, 0.0)",C,278
278,e,25,E,E,O,17.144,-0.01428571428571433,"(False, 0.0)",T,279
279,-,5,C,E,O,15.428,0.25714285714285706,"(False, 0.0)",I,280
280,e,35,C,C,O,16.222,-0.014285714285714235,"(False, 0.0)",H,281
281,e,35,C,C,O,16.318,-0.42857142857142855,"(False, 0.0)",N,282
282,e,50,C,T,O,12.718,-0.8285714285714286,"(True, 0.6033)",P,283
283,e,25,C,T,O,12.315999999999999,-0.9285714285714286,"(False, 0.0)",M,284
284,-,30,C,C,O,14.032,-0.9714285714285715,"(False, 0.0)",G,285
285,e,30,C,C,O,13.436000000000002,-0.9714285714285713,"(False, 0.0)",D,286
286,e,35,H,H,O,12.522,-0.342857142857143,"(False, 0.0)",L,287
287,e,45,H,H,O,15.802000000000001,0.02857142857142847,"(False, 0.0)",Q,288
288,-,20,H,H,O,17.746,0.3428571428571429,"(False, 0.0)",D,289
289,-,0,H,H,O,15.766,1.3857142857142857,"(False, 0.0)",F,290
290,e,35,H,H,O,17.156,1.4428571428571428,"(False, 0.0)",I,291
291,e,40,H,H,O,19.134,1.385714285714286,"(False, 0.0)",A,292
292,-,0,H,H,O,18.316000000000003,1.3857142857142857,"(False, 0.0)",L,293
293,-,0,H,H,O,16.372,1.2428571428571427,"(False, 0.0)",V,294
294,e,45,H,H,O,16.372000000000003,0.04285714285714289,"(False, 0.0)",K,295
295,e,30,H,H,O,15.234000000000004,-0.7714285714285714,"(False, 0.0)",D,296
296,-,0,H,H,O,14.062000000000001,-0.9142857142857143,"(False, 0.0)",A,297
297,e,30,H,H,O,14.88,-1.5714285714285714,"(False, 0.0)",K,298
298,e,55,H,H,O,13.224,-0.37142857142857144,"(False, 0.0)",K,299
299,e,25,C,T,O,15.203999999999999,-0.3714285714285714,"(False, 0.0)",F,300
300,e,20,C,T,O,14.398000000000001,0.014285714285714155,"(False, 0.0)",G,301
301,-,0,C,C,O,15.536000000000001,1.2142857142857142,"(False, 0.0)",I,302
302,-,20,E,E,O,15.856,1.5428571428571427,"(False, 0.0)",D,303
303,-,0,E,E,O,18.662,0.6428571428571429,"(False, 0.0)",I,304
304,-,0,E,E,O,16.718,0.5142857142857143,"(False, 0.0)",I,305
305,-,0,E,E,O,17.988,-0.2285714285714286,"(False, 0.0)",P,306
306,-,0,E,E,O,16.862000000000002,0.6714285714285714,"(False, 0.0)",D,307
307,-,0,E,E,O,16.542,-0.47142857142857153,"(False, 0.0)",Y,308
308,-,0,E,E,O,15.62,-0.7142857142857144,"(False, 0.0)",T,309
309,-,0,E,E,O,17.244,-0.2142857142857144,"(False, 0.0)",F,310
310,-,0,E,E,O,16.887999999999998,0.2285714285714285,"(False, 0.0)",N,311
311,-,0,C,E,O,14.413999999999998,1.0571428571428572,"(False, 0.0)",F,312
312,-,5,C,C,O,14.734,1.0999999999999999,"(False, 0.0)",M,313
313,-,0,C,T,O,12.85,0.6428571428571429,"(False, 0.0)",G,314
314,e,20,C,T,O,9.569999999999999,1.0285714285714287,"(False, 0.0)",I,315
315,-,20,C,T,O,8.214,0.5714285714285714,"(False, 0.0)",G,316
316,e,30,C,T,O,8.214,-0.2571428571428572,"(False, 0.0)",G,317
317,e,35,C,C,O,7.0760000000000005,-0.7,"(False, 0.0)",S,318
318,e,40,C,C,O,8.959999999999999,-1.842857142857143,"(False, 0.0)",G,319
319,e,45,C,C,O,10.616,-1.2428571428571427,"(False, 0.0)",K,320
320,e,35,C,C,O,13.001999999999999,-1.6857142857142857,"(False, 0.0)",N,321
321,e,40,C,C,O,14.657999999999998,-1.7571428571428573,"(False, 0.0)",D,322
322,-,20,C,C,O,15.122,-1.9285714285714286,"(False, 0.0)",L,323
323,e,40,C,C,O,16.044,-1.4857142857142855,"(False, 0.0)",D,324
324,-,15,C,C,O,15.601999999999999,-0.7285714285714285,"(False, 0.0)",Y,325
325,e,35,C,C,O,13.622,-0.7285714285714285,"(False, 0.0)",P,326
326,e,35,C,C,O,13.622,-0.6285714285714284,"(False, 0.0)",S,327
327,e,35,C,C,O,14.295999999999998,-0.7714285714285714,"(False, 0.0)",A,328
328,e,40,C,C,O,13.666,-0.32857142857142857,"(False, 0.0)",D,329
329,-,20,C,C,O,14.072,-0.6571428571428571,"(False, 0.0)",I,330
330,e,30,C,C,O,14.913999999999998,0.0999999999999999,"(False, 0.0)",R,331
331,e,35,C,C,O,16.857999999999997,-0.27142857142857146,"(False, 0.0)",A,332
332,e,35,C,C,O,14.472,-0.32857142857142846,"(False, 0.0)",K,333
333,-,20,C,C,O,14.758,-1.4714285714285715,"(False, 0.0)",I,334
334,-,25,C,C,O,14.794,-0.18571428571428578,"(False, 0.0)",S,335
335,e,45,C,C,O,15.931999999999999,-0.9428571428571428,"(False, 0.0)",K,336
336,e,40,C,C,O,14.366,-0.4428571428571429,"(False, 0.0)",D,337
337,e,30,C,C,O,13.151999999999997,-1.1428571428571428,"(False, 0.0)",I,338
338,e,45,C,C,O,10.69,-0.38571428571428573,"(False, 0.0)",E,339
339,e,30,C,C,O,12.633999999999999,-0.057142857142857086,"(False, 0.0)",G,340
340,e,30,C,C,O,11.84,0.3857142857142857,"(False, 0.0)",G,341
341,-,25,C,C,O,9.806000000000001,-0.4428571428571428,"(False, 0.0)",I,342
342,-,20,C,C,O,12.732,-0.0714285714285715,"(False, 0.0)",P,343
343,e,30,C,T,O,16.386000000000003,-0.5142857142857143,"(False, 0.0)",G,344
344,-,20,C,C,O,14.996,-0.5142857142857142,"(False, 0.0)",Y,345
345,-,10,C,C,O,12.190000000000001,-1.657142857142857,"(False, 0.0)",W,346
346,e,30,C,T,O,14.4,-0.8285714285714285,"(False, 0.0)",Q,347
347,e,35,C,T,O,15.108,-0.22857142857142845,"(False, 0.0)",G,348
348,e,25,C,C,O,15.053999999999998,0.6,"(False, 0.0)",Q,349
349,e,40,C,C,O,16.444,0.5,"(False, 0.0)",V,350
350,-,25,C,C,O,19.25,1.4000000000000001,"(False, 0.0)",L,351
351,-,15,C,C,O,20.32,2.1,"(False, 0.0)",I,352
352,e,40,C,T,O,20.286,2.042857142857143,"(False, 0.0)",P,353
353,e,30,C,C,O,19.148,0.9428571428571428,"(False, 0.0)",F,354
354,-,20,C,C,O,17.204,0.17142857142857146,"(False, 0.0)",I,355
355,-,25,C,C,O,17.204,0.12857142857142856,"(False, 0.0)",K,356
356,e,30,C,C,O,17.558,0.257142857142857,"(False, 0.0)",D,357
357,-,25,C,C,O,16.432,-0.7,"(False, 0.0)",P,358
358,-,15,C,C,O,16.432,-1.8428571428571432,"(False, 0.0)",V,359
359,-,25,C,C,O,16.81,-1.9285714285714284,"(False, 0.0)",T,360
360,e,30,C,C,O,16.18,-1.9857142857142858,"(False, 0.0)",K,361
361,e,40,C,C,O,15.008,-2.257142857142857,"(False, 0.0)",E,362
362,e,30,C,C,O,14.744,-2.2142857142857144,"(False, 0.0)",R,363
363,e,35,C,C,O,15.882,-2.5714285714285716,"(False, 0.0)",K,364
364,-,25,C,C,O,15.906,-2.242857142857143,"(False, 0.0)",Q,365
365,-,15,C,C,O,16.536,-2.242857142857143,"(False, 0.0)",I,366
366,-,25,C,C,O,16.107999999999997,-2.1,"(False, 0.0)",H,367
367,-,20,C,C,O,15.553999999999998,-0.9000000000000001,"(True, 0.586)",P,368
368,e,30,C,T,O,15.553999999999997,-0.8571428571428571,"(False, 0.0)",E,369
369,e,30,C,T,O,15.554000000000002,-0.9571428571428573,"(False, 0.0)",D,370
370,-,5,C,C,O,16.348,-0.5999999999999999,"(False, 0.0)",I,371
371,-,25,C,C,O,16.788,-0.11428571428571425,"(False, 0.0)",H,372
372,-,20,C,C,O,16.752,-0.17142857142857157,"(False, 0.0)",L,373
373,e,30,C,C,O,15.613999999999999,-0.17142857142857143,"(False, 0.0)",T,374
374,-,20,C,T,O,15.212,-0.4142857142857143,"(False, 0.0)",A,375
375,e,40,C,T,O,14.892000000000001,-0.4571428571428572,"(False, 0.0)",K,376
376,-,20,C,C,O,14.452000000000002,-0.7428571428571429,"(False, 0.0)",D,377
377,-,15,C,C,O,14.452000000000002,-0.7571428571428571,"(False, 0.0)",F,378
378,-,20,C,C,O,13.204000000000002,-1.5714285714285714,"(False, 0.0)",E,379
379,-,10,C,C,O,14.010000000000002,-1.514285714285714,"(False, 0.0)",A,380
380,-,25,C,T,O,12.386,-1.5142857142857145,"(False, 0.0)",S,381
381,-,30,C,T,O,12.236,-1.2714285714285716,"(False, 0.0)",K,382
382,e,25,C,C,O,14.216,-0.8857142857142858,"(False, 0.0)",D,383
383,e,30,C,C,O,14.216,-1.7,"(False, 0.0)",N,384
384,-,20,C,C,O,14.216,-2.085714285714286,"(False, 0.0)",I,385
385,e,30,C,C,O,14.216,-2.028571428571429,"(False, 0.0)",S,386
386,-,15,C,C,O,14.366,-1.657142857142857,"(False, 0.0)",K,387
387,e,35,C,C,O,14.419999999999998,-1.6571428571428573,"(False, 0.0)",D,388
388,e,35,C,C,O,15.24,-2.8000000000000003,"(False, 0.0)",E,389
389,-,5,C,C,O,14.662,-2.142857142857143,"(False, 0.0)",W,390
390,e,40,C,T,O,16.606,-2.042857142857143,"(False, 0.0)",E,391
391,e,30,C,C,O,16.630000000000003,-1.2857142857142858,"(False, 0.0)",N,392
392,-,20,C,T,O,14.595999999999998,-0.24285714285714288,"(False, 0.0)",L,393
393,e,25,C,T,O,16.162,-0.6714285714285716,"(False, 0.0)",H,394
394,e,35,C,E,O,16.74,-0.6714285714285715,"(False, 0.0)",A,395
395,-,10,C,E,O,15.174000000000001,-0.7285714285714286,"(False, 0.0)",L,396
396,e,35,C,E,O,15.578,-1.9142857142857144,"(False, 0.0)",K,397
397,e,30,C,T,O,16.133999999999997,-0.9142857142857144,"(False, 0.0)",E,398
398,-,10,C,T,O,16.134000000000004,-1.6714285714285715,"(False, 0.0)",K,399
399,e,25,C,C,O,15.556000000000001,-2.2714285714285714,"(False, 0.0)",R,400
400,-,0,C,C,O,13.522,-1.442857142857143,"(False, 0.0)",L,401
401,-,10,C,T,O,13.63,-1.1714285714285713,"(False, 0.0)",N,402
402,-,10,C,T,O,14.260000000000002,-1.1714285714285715,"(False, 0.0)",G,403
403,-,0,C,C,O,13.122,-0.6285714285714287,"(False, 0.0)",M,404
404,e,20,C,T,O,13.712,-1.2714285714285716,"(True, 0.6451)",P,405
405,-,15,C,T,O,16.186,-1.0,"(False, 0.0)",K,406
406,-,5,C,C,O,16.422,-1.5,"(False, 0.0)",T,407
407,e,35,C,C,O,16.078,-1.8857142857142857,"(False, 0.0)",T,408
408,e,30,C,T,O,14.830000000000002,-2.157142857142857,"(False, 0.0)",P,409
409,e,40,C,T,O,14.012,-2.1,"(False, 0.0)",K,410
410,-,25,C,C,O,13.748,-1.4000000000000001,"(False, 0.0)",S,411
411,e,50,H,H,O,14.575999999999999,-0.6571428571428571,"(False, 0.0)",D,412
412,e,25,H,H,O,15.714000000000002,-0.15714285714285708,"(False, 0.0)",Q,413
413,-,0,H,H,O,17.07,0.9428571428571428,"(False, 0.0)",V,414
414,-,15,H,H,O,19.014,0.557142857142857,"(False, 0.0)",I,415
415,e,45,H,H,O,19.014,0.5571428571428573,"(False, 0.0)",M,416
416,-,15,H,H,O,17.264,0.5571428571428572,"(False, 0.0)",L,417
417,-,0,H,H,O,15.874,-0.2285714285714286,"(False, 0.0)",Q,418
418,e,25,H,H,O,16.23,-0.27142857142857146,"(False, 0.0)",N,419
419,e,40,H,H,O,16.264000000000003,-1.1857142857142857,"(False, 0.0)",Q,420
420,-,0,H,H,O,16.23,-2.2285714285714286,"(False, 0.0)",Y,421
421,-,0,H,H,O,16.380000000000003,-1.457142857142857,"(False, 0.0)",V,422
422,e,40,H,H,O,16.740000000000002,-1.5999999999999999,"(False, 0.0)",R,423
423,-,25,H,H,O,15.989999999999998,-1.657142857142857,"(False, 0.0)",E,424
424,-,0,H,H,O,14.818000000000001,-1.657142857142857,"(False, 0.0)",M,425
425,e,20,H,H,O,15.568000000000001,-2.314285714285714,"(False, 0.0)",R,426
426,e,50,H,H,O,13.534,-1.0714285714285714,"(False, 0.0)",K,427
427,-,10,C,T,O,14.598000000000003,-1.2142857142857142,"(False, 0.0)",Y,428
428,e,20,C,T,O,14.598000000000003,-1.542857142857143,"(False, 0.0)",G,429
429,-,0,C,C,O,12.136,-0.35714285714285726,"(False, 0.0)",V,430
430,-,15,C,C,O,12.809999999999999,-0.4428571428571428,"(False, 0.0)",R,431
431,-,0,C,E,O,14.986,-0.4428571428571429,"(False, 0.0)",G,432
432,-,0,E,E,O,14.278,-0.8857142857142858,"(False, 0.0)",L,433
433,-,5,E,E,O,13.758,-1.2285714285714284,"(False, 0.0)",R,434
434,-,0,E,E,O,15.378,-0.32857142857142857,"(False, 0.0)",Y,435
435,-,5,E,E,O,13.398000000000001,-0.8285714285714286,"(False, 0.0)",D,436
436,-,0,H,H,O,13.684000000000001,-1.8285714285714285,"(False, 0.0)",A,437
437,-,0,H,E,O,12.815999999999999,-1.3,"(False, 0.0)",A,438
438,-,25,H,E,O,12.373999999999999,-1.6714285714285715,"(False, 0.0)",K,439
439,-,10,C,E,O,13.216,-1.6285714285714283,"(False, 0.0)",H,440
440,-,0,C,C,O,13.654,-2.3857142857142857,"(False, 0.0)",S,441
441,e,35,C,C,O,13.225999999999999,-3.142857142857143,"(False, 0.0)",K,442
442,e,25,H,H,O,13.378,-1.942857142857143,"(False, 0.0)",H,443
443,e,45,H,H,O,15.764,-1.9857142857142858,"(False, 0.0)",E,444
444,e,20,H,H,O,15.335999999999999,-2.5142857142857147,"(False, 0.0)",Q,445
445,-,0,H,H,O,15.454000000000002,-2.0714285714285716,"(False, 0.0)",I,446
446,e,30,H,H,O,14.634,-0.9714285714285714,"(False, 0.0)",E,447
447,e,40,H,H,O,16.024,-0.5714285714285714,"(True, 0.5067)",R,448
448,-,10,H,H,O,14.898,-0.3000000000000001,"(False, 0.0)",S,449
449,-,5,H,H,O,15.669999999999998,-1.1714285714285713,"(False, 0.0)",I,450
450,e,25,H,H,O,16.299999999999997,-0.12857142857142864,"(False, 0.0)",T,451
451,e,45,H,H,O,18.686,-0.04285714285714277,"(False, 0.0)",P,452
452,e,20,H,H,O,17.548000000000002,-0.42857142857142855,"(False, 0.0)",P,453
453,-,10,H,H,O,16.958,-1.2571428571428573,"(False, 0.0)",L,454
454,e,40,H,H,O,17.078000000000003,-1.657142857142857,"(False, 0.0)",K,455
455,e,35,H,H,O,16.156,-1.9285714285714286,"(False, 0.0)",N,456
456,-,10,H,H,O,14.59,-2.342857142857143,"(False, 0.0)",Y,457
457,-,25,H,H,O,14.304000000000002,-2.3428571428571425,"(False, 0.0)",N,458
458,e,45,H,H,O,16.02,-2.242857142857143,"(False, 0.0)",E,459
459,e,30,H,H,O,15.151999999999997,-2.242857142857143,"(False, 0.0)",R,460
460,-,10,C,C,O,15.151999999999997,-2.157142857142857,"(False, 0.0)",L,461
461,e,30,C,C,O,15.591999999999999,-2.157142857142857,"(False, 0.0)",H,462
462,e,40,C,T,O,15.3,-1.1142857142857143,"(False, 0.0)",N,463
463,-,25,C,C,O,15.3,-0.07142857142857152,"(False, 0.0)",T,464
464,e,35,C,C,O,16.522000000000002,-1.1142857142857143,"(False, 0.0)",N,465
465,-,20,C,C,O,16.522000000000002,-0.8857142857142858,"(False, 0.0)",L,466
466,-,5,C,C,O,16.854,-0.9428571428571427,"(False, 0.0)",F,467
467,-,25,C,C,O,17.432,-1.0285714285714287,"(False, 0.0)",N,468
468,e,40,C,C,O,16.758,-0.9857142857142858,"(True, 0.7227)",P,469
469,e,30,C,H,O,15.536000000000001,-2.085714285714286,"(False, 0.0)",K,470
470,-,15,C,C,O,16.113999999999997,-3.042857142857143,"(False, 0.0)",Y,471
471,e,30,C,C,O,15.77,-2.2857142857142856,"(False, 0.0)",H,472
472,e,45,C,T,O,14.928,-1.457142857142857,"(False, 0.0)",K,473
473,e,40,C,T,O,15.636000000000001,-0.6285714285714284,"(False, 0.0)",K,474
474,e,30,C,C,O,16.148000000000003,-0.9428571428571427,"(False, 0.0)",A,475
475,-,5,C,C,O,15.569999999999999,-0.6714285714285717,"(False, 0.0)",V,476
476,-,5,E,E,O,16.034,0.15714285714285717,"(False, 0.0)",M,477
477,-,5,E,E,O,16.983999999999998,0.21428571428571416,"(False, 0.0)",N,478
478,-,0,E,E,O,15.384,-0.22857142857142856,"(False, 0.0)",Y,479
479,-,5,E,E,O,15.74,-0.28571428571428575,"(False, 0.0)",M,480
480,-,10,E,E,O,17.456,0.04285714285714283,"(False, 0.0)",E,481
481,-,5,E,E,O,18.163999999999998,0.4428571428571428,"(False, 0.0)",Y,482
482,-,0,E,E,O,18.068,0.9857142857142858,"(False, 0.0)",L,483
483,-,25,E,E,O,18.046,0.21428571428571427,"(False, 0.0)",V,484
484,e,30,C,T,O,17.33,1.2571428571428573,"(False, 0.0)",T,485
485,e,35,C,T,O,17.330000000000002,0.942857142857143,"(False, 0.0)",C,486
486,e,40,C,C,O,15.352,-0.10000000000000002,"(False, 0.0)",Q,487
487,e,30,C,C,O,14.912,-1.1999999999999997,"(False, 0.0)",L,488
488,e,45,C,C,O,15.11,-1.5999999999999999,"(False, 0.0)",D,489
489,e,35,C,C,O,15.109999999999996,-1.6857142857142857,"(False, 0.0)",E,490
490,e,25,C,C,O,14.080000000000002,-1.3,"(False, 0.0)",Q,491
491,e,35,C,C,O,13.638,-1.957142857142857,"(False, 0.0)",Q,492
492,-,10,C,H,O,12.818000000000001,-0.9142857142857144,"(False, 0.0)",M,493
493,-,10,C,C,O,14.207999999999998,0.1285714285714285,"(False, 0.0)",S,494
494,e,25,C,H,O,15.597999999999999,0.4428571428571428,"(False, 0.0)",S,495
495,-,20,H,H,O,15.953999999999999,0.4428571428571428,"(False, 0.0)",L,496
496,-,10,C,H,O,16.774,-0.4714285714285714,"(False, 0.0)",L,497
497,-,15,C,H,O,17.736,-0.8571428571428571,"(False, 0.0)",Y,498
498,e,35,C,T,O,15.792000000000002,-1.2428571428571427,"(False, 0.0)",E,499
499,e,30,C,T,O,13.847999999999999,-1.2428571428571427,"(False, 0.0)",R,500
500,-,15,C,T,O,14.522,-1.9000000000000001,"(False, 0.0)",D,501
501,e,35,C,C,O,13.701999999999998,-1.457142857142857,"(False, 0.0)",D,502
502,-,10,C,C,O,13.145999999999997,-0.31428571428571433,"(False, 0.0)",L,503
503,-,15,C,C,O,15.089999999999998,-0.17142857142857149,"(False, 0.0)",S,504
504,-,0,C,E,O,15.089999999999998,0.7285714285714285,"(False, 0.0)",A,505
505,-,5,C,E,O,14.77,1.1142857142857143,"(False, 0.0)",I,506
506,-,15,C,C,O,14.77,1.1142857142857143,"(False, 0.0)",D,507
507,-,0,C,C,O,16.75,1.7714285714285718,"(False, 0.0)",F,508
508,-,25,H,H,O,16.75,1.7857142857142858,"(False, 0.0)",S,509
509,-,0,H,H,O,17.663999999999998,0.5857142857142855,"(False, 0.0)",L,510
510,-,5,H,H,O,16.845999999999997,0.9857142857142855,"(False, 0.0)",L,511
511,-,15,H,H,O,18.106,1.2285714285714284,"(False, 0.0)",M,512
512,-,20,H,H,O,18.106,0.7857142857142857,"(False, 0.0)",K,513
513,-,0,H,H,O,16.967999999999996,0.4999999999999999,"(False, 0.0)",T,514
514,-,20,H,H,O,16.018,0.35714285714285715,"(False, 0.0)",I,515
515,e,35,H,H,O,16.836000000000002,-0.02857142857142866,"(False, 0.0)",K,516
516,-,0,H,H,O,15.575999999999999,0.9285714285714285,"(False, 0.0)",A,517
517,-,0,H,H,O,15.256,0.9714285714285713,"(False, 0.0)",F,518
518,e,40,C,H,O,12.794,0.2714285714285714,"(False, 0.0)",S,519
519,e,40,C,T,O,11.174000000000001,0.32857142857142857,"(False, 0.0)",F,520
520,e,40,C,T,O,9.549999999999999,0.6142857142857141,"(False, 0.0)",G,521
521,e,35,C,C,O,11.936,-0.2857142857142857,"(False, 0.0)",G,522
522,e,40,C,C,O,10.865999999999998,-0.27142857142857146,"(False, 0.0)",D,523
523,-,0,H,H,O,13.339999999999998,-0.12857142857142861,"(False, 0.0)",L,524
524,e,30,H,H,O,16.94,0.18571428571428555,"(False, 0.0)",Q,525
525,e,25,H,H,O,16.904,0.12857142857142853,"(False, 0.0)",T,526
526,-,0,H,H,O,14.518,0.07142857142857137,"(False, 0.0)",L,527
527,-,15,H,H,O,14.77,-0.7,"(False, 0.0)",A,528
528,e,40,C,H,O,15.101999999999999,-0.2571428571428572,"(False, 0.0)",S,529
529,-,25,C,C,O,11.501999999999999,-0.2714285714285714,"(False, 0.0)",K,530
530,e,30,C,T,O,11.096,-0.9142857142857144,"(False, 0.0)",P,531
531,e,30,C,T,O,12.355999999999998,-0.5285714285714286,"(False, 0.0)",G,532
532,e,30,C,C,O,13.494,-0.5285714285714286,"(False, 0.0)",S,533
533,-,15,C,T,O,11.901999999999997,-0.08571428571428576,"(False, 0.0)",T,534
534,-,15,C,T,O,13.116000000000003,0.7857142857142857,"(False, 0.0)",I,535
535,e,35,C,T,O,15.501999999999999,0.6142857142857142,"(False, 0.0)",S,536
536,-,20,C,C,O,15.833999999999998,0.6142857142857142,"(False, 0.0)",S,537
537,-,10,C,C,O,13.448000000000002,0.21428571428571422,"(False, 0.0)",I,538
538,e,40,C,C,O,14.268,-1.0714285714285714,"(False, 0.0)",P,539
539,e,25,C,T,O,15.23,-1.5999999999999999,"(False, 0.0)",S,540
540,e,30,C,T,O,13.806000000000001,-0.8428571428571427,"(False, 0.0)",E,541
541,-,25,C,C,O,14.6,-0.9428571428571428,"(False, 0.0)",R,542
542,-,0,E,E,O,16.986,-0.07142857142857142,"(False, 0.0)",R,543
543,-,0,E,E,O,18.552,-0.4571428571428572,"(False, 0.0)",I,544
544,-,0,E,E,O,18.26,0.6857142857142857,"(False, 0.0)",L,545
545,-,0,E,E,O,19.683999999999997,0.8285714285714285,"(False, 0.0)",I,546
546,-,0,E,E,O,17.968,1.0142857142857142,"(False, 0.0)",N,547
547,-,5,E,E,O,16.426,-0.12857142857142861,"(False, 0.0)",I,548
548,-,0,C,C,O,14.482,-0.27142857142857146,"(False, 0.0)",N,549
549,-,5,C,T,O,15.878,-1.1428571428571428,"(False, 0.0)",H,550
550,-,20,C,C,O,15.084,-1.1428571428571428,"(False, 0.0)",D,551
551,-,10,C,C,O,15.084,-2.285714285714285,"(False, 0.0)",F,552
552,e,30,C,C,O,14.910000000000002,-1.842857142857143,"(False, 0.0)",P,553
553,-,25,C,C,O,13.254000000000001,-1.8857142857142857,"(False, 0.0)",N,554
554,e,30,C,T,O,11.858,-0.8428571428571429,"(False, 0.0)",N,555
555,e,35,C,T,O,12.652,-0.8428571428571429,"(False, 0.0)",G,556
556,e,35,C,C,O,14.048000000000002,-1.1142857142857143,"(False, 0.0)",N,557
557,-,20,C,C,O,14.048000000000002,-1.1142857142857145,"(False, 0.0)",L,558
558,-,20,C,C,O,15.703999999999999,-0.21428571428571427,"(False, 0.0)",F,559
559,e,25,C,C,O,17.1,0.3857142857142856,"(False, 0.0)",N,560
560,e,30,C,C,O,17.1,1.2857142857142858,"(False, 0.0)",D,561
561,-,15,C,C,O,17.1,0.24285714285714274,"(False, 0.0)",F,562
562,-,15,C,C,O,17.1,-0.6142857142857142,"(False, 0.0)",L,563
563,-,20,C,C,O,17.502000000000002,-0.6142857142857144,"(False, 0.0)",F,564
564,e,45,C,C,O,16.432,-0.6142857142857144,"(False, 0.0)",N,565
565,e,35,C,C,O,15.041999999999998,-1.5142857142857145,"(False, 0.0)",H,566
566,e,45,C,H,O,13.418000000000001,-2.557142857142857,"(False, 0.0)",Q,567
567,e,30,H,H,O,13.568000000000001,-3.457142857142857,"(False, 0.0)",Q,568
568,e,25,H,H,O,13.719999999999999,-2.414285714285714,"(False, 0.0)",D,569
569,-,15,H,H,O,15.109999999999996,-1.7,"(False, 0.0)",E,570
570,-,20,H,H,O,14.52,-0.9285714285714286,"(False, 0.0)",Q,571
571,-,0,H,H,O,15.433999999999997,-0.17142857142857146,"(False, 0.0)",L,572
572,-,0,H,H,O,15.02,0.14285714285714277,"(False, 0.0)",A,573
573,-,0,H,H,O,15.736,1.2857142857142858,"(False, 0.0)",M,574
574,-,0,H,H,O,15.736,2.0428571428571427,"(False, 0.0)",A,575
575,-,0,H,H,O,15.736,1.7571428571428573,"(False, 0.0)",Y,576
576,-,0,H,H,O,14.786000000000001,2.0428571428571427,"(False, 0.0)",I,577
577,-,0,H,H,O,16.766,1.542857142857143,"(False, 0.0)",A,578
578,-,0,H,H,O,16.645999999999997,1.6857142857142857,"(False, 0.0)",A,579
579,-,5,C,C,O,16.326,1.7571428571428573,"(False, 0.0)",L,580
580,e,30,C,T,O,15.919999999999998,0.47142857142857136,"(False, 0.0)",P,581
581,e,25,C,T,O,16.476,-0.014285714285714362,"(False, 0.0)",F,582
582,-,5,C,S,O,15.681999999999999,0.2714285714285713,"(False, 0.0)",S,583
583,-,5,C,C,O,16.476,0.3285714285714284,"(False, 0.0)",R,584
584,-,0,C,E,O,16.830000000000002,0.37142857142857144,"(False, 0.0)",P,585
585,-,0,E,E,O,18.542,-0.15714285714285722,"(False, 0.0)",L,586
586,-,0,E,E,O,20.02,-0.5428571428571428,"(False, 0.0)",V,587
587,-,0,E,E,O,18.869999999999997,0.042857142857142864,"(False, 0.0)",Y,588
588,-,5,E,E,O,15.27,-0.2285714285714286,"(False, 0.0)",W,589
589,-,10,C,C,O,13.846,-0.17142857142857132,"(False, 0.0)",D,590
590,-,25,C,T,O,14.554000000000002,-0.22857142857142845,"(False, 0.0)",G,591
591,e,40,C,T,O,14.5,-0.5999999999999999,"(False, 0.0)",Q,592
592,-,15,C,C,O,15.306000000000001,-0.5857142857142857,"(False, 0.0)",V,593
593,-,20,C,C,O,16.52,-0.1857142857142857,"(False, 0.0)",L,594
594,-,25,C,C,O,16.784000000000002,-0.2285714285714286,"(False, 0.0)",K,595
595,e,40,C,C,O,15.624,-0.22857142857142856,"(False, 0.0)",S,596
596,e,45,C,T,O,14.058000000000002,-0.18571428571428567,"(False, 0.0)",T,597
597,e,45,C,S,O,15.195999999999998,-1.2857142857142858,"(False, 0.0)",T,598
598,e,50,C,S,O,16.444,-1.2285714285714282,"(False, 0.0)",E,599
599,e,25,C,C,O,15.854000000000003,-1.3000000000000003,"(False, 0.0)",I,600
600,e,45,C,T,O,16.306,-1.7,"(False, 0.0)",K,601
601,e,45,C,T,O,15.927999999999997,-1.657142857142857,"(False, 0.0)",N,602
602,-,15,C,C,O,12.328,-1.2714285714285716,"(False, 0.0)",Y,603
603,e,45,C,T,O,11.08,-2.014285714285714,"(False, 0.0)",D,604
604,e,45,C,T,O,11.669999999999998,-2.1,"(False, 0.0)",G,605
605,e,25,C,C,O,10.919999999999998,-0.9999999999999999,"(False, 0.0)",S,606
606,-,20,C,C,O,12.898,-0.8714285714285713,"(False, 0.0)",T,607
607,e,30,C,C,O,12.898000000000001,-0.42857142857142855,"(False, 0.0)",R,608
608,-,10,C,T,O,11.684,-0.8714285714285716,"(False, 0.0)",V,609
609,-,10,C,C,O,11.244,-0.5,"(False, 0.0)",G,610
610,-,15,C,C,O,10.687999999999999,-0.5285714285714286,"(False, 0.0)",G,611
611,-,20,C,C,O,10.708,0.6571428571428571,"(False, 0.0)",E,612
612,e,25,C,T,O,14.307999999999998,-0.44285714285714295,"(False, 0.0)",A,613
613,-,10,C,T,O,16.192,-0.9428571428571431,"(False, 0.0)",W,614
614,e,35,C,C,O,16.619999999999997,-0.942857142857143,"(False, 0.0)",L,615
615,-,20,C,C,O,15.0,-0.08571428571428573,"(False, 0.0)",N,616
616,e,40,H,H,O,13.357999999999999,-0.4571428571428572,"(False, 0.0)",K,617
617,e,25,H,H,O,10.972,-0.42857142857142855,"(False, 0.0)",G,618
618,-,0,H,H,O,11.562000000000001,-1.1571428571428568,"(False, 0.0)",C,619
619,-,10,H,H,O,12.026,-1.1571428571428573,"(False, 0.0)",S,620
620,-,5,H,H,O,14.235999999999999,-1.1,"(False, 0.0)",T,621
621,-,0,H,H,O,14.434000000000001,-0.5,"(False, 0.0)",Y,622
622,-,5,H,H,O,16.82,-1.042857142857143,"(False, 0.0)",Q,623
623,-,30,H,H,O,17.272,-1.4285714285714286,"(False, 0.0)",Q,624
624,-,0,H,H,O,16.23,-1.8285714285714287,"(False, 0.0)",L,625
625,-,10,H,H,O,16.054,-1.242857142857143,"(False, 0.0)",Y,626
626,-,20,H,H,O,17.124000000000002,-1.2,"(False, 0.0)",N,627
627,-,15,H,H,O,15.581999999999999,-0.44285714285714295,"(False, 0.0)",E,628
628,-,0,H,H,O,14.276,-0.44285714285714295,"(False, 0.0)",F,629
629,-,20,C,H,O,15.991999999999999,-0.44285714285714295,"(False, 0.0)",H,630
630,e,20,C,T,O,16.883999999999997,0.7,"(False, 0.0)",A,631
631,-,15,C,H,O,17.204,0.7,"(False, 0.0)",L,632
632,-,25,C,H,O,16.802,-0.2571428571428569,"(False, 0.0)",Y,633
633,e,25,C,H,O,17.644,0.4571428571428572,"(False, 0.0)",I,634
634,e,20,C,H,O,15.663999999999998,0.14285714285714285,"(False, 0.0)",D,635
635,e,30,C,H,O,12.738,0.24285714285714283,"(False, 0.0)",K,636
636,-,15,C,H,O,12.738,0.29999999999999993,"(False, 0.0)",A,637
637,-,20,C,T,O,14.736,-0.45714285714285713,"(False, 0.0)",G,638
638,-,25,C,T,O,13.488,0.3000000000000001,"(False, 0.0)",I,639
639,e,30,C,C,O,13.488,1.257142857142857,"(False, 0.0)",W,640
640,e,30,C,C,O,16.768,0.5,"(False, 0.0)",S,641
641,e,25,C,H,O,15.202000000000002,0.4999999999999999,"(False, 0.0)",A,642
642,-,10,H,H,O,11.547999999999998,0.4571428571428572,"(False, 0.0)",F,643
643,e,35,H,H,O,13.968,0.47142857142857153,"(False, 0.0)",E,644
644,-,10,H,H,O,13.562000000000001,0.8428571428571427,"(False, 0.0)",G,645
645,-,10,C,H,O,11.902,0.48571428571428565,"(False, 0.0)",V,646
646,e,30,C,C,O,12.341999999999999,-0.4714285714285714,"(False, 0.0)",S,647
647,e,30,C,T,O,14.804000000000002,-0.4714285714285714,"(False, 0.0)",A,648
648,e,40,C,T,O,13.053999999999998,0.18571428571428586,"(False, 0.0)",T,649
649,e,35,C,T,O,15.474,0.12857142857142856,"(False, 0.0)",K,650
650,-,10,C,C,O,17.454,0.5,"(False, 0.0)",N,651
651,-,0,E,E,O,16.6,0.6428571428571429,"(False, 0.0)",V,652
652,-,0,E,E,O,17.418,0.6285714285714284,"(False, 0.0)",L,653
653,-,0,E,E,O,16.748,0.5428571428571428,"(False, 0.0)",A,654
654,-,0,E,E,O,15.290000000000001,0.9857142857142857,"(False, 0.0)",F,655
655,-,15,E,E,O,11.69,-0.11428571428571435,"(False, 0.0)",S,656
656,-,20,C,T,O,11.726,-0.7714285714285715,"(False, 0.0)",R,657
657,e,35,C,T,O,9.66,-0.4285714285714285,"(False, 0.0)",G,658
658,e,40,C,C,O,12.08,-1.3285714285714287,"(False, 0.0)",D,659
659,e,45,C,C,O,11.788,-0.5714285714285714,"(False, 0.0)",S,660
660,-,20,C,E,O,15.388,-0.42857142857142844,"(False, 0.0)",V,661
661,e,25,E,E,O,15.615999999999996,-0.8285714285714286,"(False, 0.0)",N,662
662,-,20,E,E,O,16.46,-0.4428571428571428,"(False, 0.0)",I,663
663,e,35,C,E,O,14.039999999999997,-0.5571428571428572,"(False, 0.0)",N,664
664,e,35,C,C,O,14.962,-1.6142857142857143,"(False, 0.0)",H,665
665,e,35,C,C,O,13.419999999999998,-1.6142857142857143,"(False, 0.0)",S,666
666,e,45,C,T,O,13.192000000000002,-2.314285714285714,"(False, 0.0)",P,667
667,e,30,C,T,O,11.134,-1.2714285714285716,"(False, 0.0)",H,668
668,e,25,C,T,O,13.52,-0.21428571428571436,"(False, 0.0)",D,669
669,-,0,E,E,O,14.348000000000003,0.5428571428571428,"(False, 0.0)",G,670
670,-,0,E,E,O,15.889999999999997,1.4142857142857141,"(False, 0.0)",L,671
671,-,0,E,E,O,17.833999999999996,1.3714285714285717,"(False, 0.0)",V,672
672,-,0,E,E,O,19.718,1.3142857142857143,"(False, 0.0)",I,673
673,-,0,E,E,O,18.580000000000002,1.3142857142857143,"(False, 0.0)",I,674
674,-,0,E,E,O,14.945999999999998,0.27142857142857146,"(False, 0.0)",N,675
675,-,25,C,T,O,13.23,-0.8285714285714285,"(False, 0.0)",K,676
676,-,20,C,T,O,11.664,-1.9714285714285715,"(False, 0.0)",G,677
677,e,45,C,S,O,11.814,-2.0142857142857142,"(False, 0.0)",N,678
678,e,40,C,C,O,12.986,-2.0142857142857142,"(False, 0.0)",E,679
679,e,50,C,C,O,15.02,-1.5142857142857142,"(False, 0.0)",E,680
680,-,15,E,E,O,13.136000000000001,-1.557142857142857,"(False, 0.0)",V,681
681,e,35,E,E,O,13.575999999999999,-1.1857142857142857,"(False, 0.0)",E,682
682,-,15,E,E,O,15.196000000000002,-0.9142857142857144,"(False, 0.0)",G,683
683,e,30,E,E,O,14.368,-0.9142857142857143,"(False, 0.0)",T,684
684,-,5,E,E,O,14.218,-2.0714285714285716,"(False, 0.0)",W,685
685,e,30,E,E,O,16.68,-1.0285714285714285,"(False, 0.0)",P,686
686,-,15,C,E,O,17.806,-1.4714285714285715,"(False, 0.0)",N,687
687,e,30,C,C,O,16.362000000000002,-1.5999999999999999,"(False, 0.0)",K,688
688,-,10,C,C,O,16.362000000000002,-1.5285714285714285,"(False, 0.0)",L,689
689,e,35,C,C,O,14.478,-0.6571428571428571,"(False, 0.0)",Q,690
690,e,35,C,T,O,15.615999999999996,-0.3428571428571428,"(False, 0.0)",P,691
691,-,10,C,C,O,14.942000000000002,-0.3428571428571429,"(False, 0.0)",G,692
692,-,10,C,C,O,15.193999999999999,-1.3857142857142857,"(False, 0.0)",I,693
693,-,5,E,E,O,14.272,-0.6142857142857142,"(False, 0.0)",Y,694
694,-,15,C,E,O,16.842000000000002,-0.4428571428571427,"(False, 0.0)",K,695
695,-,20,C,E,O,13.242,-0.5,"(False, 0.0)",N,696
696,-,15,C,E,O,11.53,-1.6428571428571428,"(False, 0.0)",M,697
697,-,5,C,E,O,10.952,-1.5714285714285714,"(False, 0.0)",G,698
698,-,25,C,E,O,10.282,-0.4142857142857142,"(False, 0.0)",S,699
699,-,20,C,S,O,11.346,-0.41428571428571426,"(False, 0.0)",N,700
700,e,35,C,E,O,13.23,-0.042857142857142864,"(False, 0.0)",S,701
701,-,10,E,E,O,15.616,0.6571428571428573,"(False, 0.0)",V,702
702,e,25,E,E,O,17.332,1.4142857142857141,"(False, 0.0)",N,703
703,-,15,E,E,O,19.718,1.4142857142857141,"(False, 0.0)",I,704
704,e,25,E,E,O,17.968,1.0285714285714287,"(False, 0.0)",I,705
705,-,25,C,E,O,17.968,0.32857142857142857,"(False, 0.0)",I,706
706,e,35,C,T,O,16.842000000000002,0.1857142857142857,"(False, 0.0)",N,707
707,e,45,C,T,O,15.418000000000001,-1.0142857142857142,"(False, 0.0)",N,708
708,e,35,C,C,O,14.280000000000001,-1.0142857142857145,"(False, 0.0)",T,709
709,-,20,E,E,O,15.996,-1.0142857142857142,"(False, 0.0)",R,710
710,e,40,E,E,O,17.712,-0.7428571428571428,"(False, 0.0)",K,711
711,-,10,E,E,O,18.044,-0.47142857142857125,"(False, 0.0)",I,712
712,-,15,E,E,O,18.674,-0.42857142857142855,"(False, 0.0)",I,713
713,-,20,C,C,O,16.212,-0.3428571428571429,"(False, 0.0)",P,714
714,e,40,C,C,O,15.074000000000002,0.8142857142857142,"(True, 0.9649)",P,715
715,e,35,C,T,O,15.108,0.5714285714285714,"(False, 0.0)",G,716
716,e,45,C,C,O,15.581999999999999,-0.1714285714285714,"(False, 0.0)",K,717
717,e,20,E,E,O,15.25,0.5999999999999999,"(False, 0.0)",V,718
718,-,10,E,E,O,18.85,0.1857142857142857,"(False, 0.0)",F,719
719,e,20,E,E,O,18.564,0.18571428571428572,"(False, 0.0)",T,720
720,-,15,E,E,O,14.930000000000001,0.6857142857142857,"(False, 0.0)",L,721
721,e,35,C,E,O,11.65,-0.014285714285714362,"(False, 0.0)",R,722
722,e,45,C,T,O,11.65,0.12857142857142842,"(False, 0.0)",G,723
723,e,30,C,S,O,11.649999999999999,-0.27142857142857146,"(False, 0.0)",G,724
724,e,35,E,E,O,11.357999999999999,-0.17142857142857143,"(False, 0.0)",T,725
725,-,5,E,E,O,14.957999999999998,-0.0285714285714286,"(False, 0.0)",L,726
726,-,25,E,E,O,16.842000000000002,0.6714285714285714,"(False, 0.0)",N,727
727,-,0,E,E,O,17.968,0.5000000000000001,"(False, 0.0)",I,728
728,e,30,E,E,O,17.174,0.5428571428571429,"(False, 0.0)",N,729
729,-,0,E,E,O,15.289999999999997,-0.6428571428571429,"(False, 0.0)",I,730
730,-,20,C,C,O,13.866,-0.2571428571428572,"(False, 0.0)",P,731
731,-,5,C,T,O,13.196000000000002,-0.6428571428571429,"(False, 0.0)",G,732
732,e,25,C,T,O,11.216,0.39999999999999997,"(False, 0.0)",R,733
733,-,0,C,C,O,12.01,0.29999999999999993,"(False, 0.0)",S,734
734,-,0,E,E,O,15.61,1.0714285714285714,"(False, 0.0)",A,735
735,-,10,E,E,O,17.034,1.0714285714285714,"(False, 0.0)",L,736
736,-,0,E,E,O,15.819999999999999,1.1571428571428568,"(False, 0.0)",L,737
737,-,0,E,E,O,16.662,1.1714285714285713,"(False, 0.0)",L,738
738,-,15,E,E,O,15.536000000000001,0.8571428571428571,"(False, 0.0)",G,739
739,e,40,E,E,O,11.936,-0.18571428571428575,"(False, 0.0)",K,740
740,e,35,C,T,O,10.37,-0.9571428571428572,"(False, 0.0)",T,741
741,e,25,C,S,O,13.176000000000002,-1.7285714285714284,"(False, 0.0)",G,742
742,e,55,C,C,O,13.52,-2.1714285714285713,"(False, 0.0)",E,743
743,-,25,C,C,O,12.930000000000001,-1.8,"(False, 0.0)",P,744
744,e,35,C,C,O,15.856,-1.157142857142857,"(False, 0.0)",P,745
745,e,20,C,T,O,17.421999999999997,-1.2857142857142858,"(False, 0.0)",N,746
746,-,15,E,E,O,17.542,-0.24285714285714297,"(False, 0.0)",Y,747
747,-,0,E,E,O,18.336000000000002,inf,"(False, 0.0)",L,748
748,-,25,E,E,O,inf,inf,"(False, 0.0)",Y,749
749,e,45,C,C,O,inf,inf,"(False, 0.0)",L,750
